 1     15. 2100  34.200  136.100  400.0  -26.3   21.8  7410.0  225.0   13.9 MANL AF306 00  
 1     15. 2100  34.200  136.100  410.0  -25.1    3.5   -99.0  -99.0  -99.0 SIGL AF306 00  
 1     15. 2100  34.200  136.100  442.0  -99.0  -99.0   -99.0  270.0    7.2 SIGL AF306 00  
 1     15. 2100  34.200  136.100  454.0  -99.0  -99.0   -99.0  265.0    6.7 SIGL AF306 00  
 1     15. 2100  34.200  136.100  500.0  -12.7    2.0  5750.0  275.0    9.3 MANL AF306 00  
 1     15. 2100  34.200  136.100  514.0  -10.9    1.7   -99.0  -99.0  -99.0 SIGL AF306 00  
 1     15. 2100  34.200  136.100  518.0  -99.0  -99.0   -99.0  280.0    8.2 SIGL AF306 00  
 1     15. 2100  34.200  136.100  543.0   -8.3   22.4   -99.0  -99.0  -99.0 SIGL AF306 00  
 1     15. 2100  34.200  136.100  547.0  -99.0  -99.0   -99.0  240.0   10.3 SIGL AF306 00  
 1     15. 2100  34.200  136.100  551.0   -8.3   48.5   -99.0  -99.0  -99.0 SIGL AF306 00  
 1     15. 2100  34.200  136.100  562.0   -7.1   53.0   -99.0  -99.0  -99.0 SIGL AF306 00  
 1     15. 2100  34.200  136.100  578.0   -5.3   49.3   -99.0  -99.0  -99.0 SIGL AF306 00  
 1     15. 2100  34.200  136.100  589.0   -4.1   25.6   -99.0  -99.0  -99.0 SIGL AF306 00  
 1     15. 2100  34.200  136.100  594.0  -99.0  -99.0   -99.0  240.0    9.8 SIGL AF306 00  
 1     15. 2100  34.200  136.100  598.0   -3.3   46.0   -99.0  -99.0  -99.0 SIGL AF306 00  
 1     15. 2100  34.200  136.100  605.0   -2.3   11.9   -99.0  -99.0  -99.0 SIGL AF306 00  
 1     15. 2100  34.200  136.100  615.0  -99.0  -99.0   -99.0  215.0   11.3 SIGL AF306 00  
 1     15. 2100  34.200  136.100  619.0   -2.1    4.6   -99.0  -99.0  -99.0 SIGL AF306 00  
 1     15. 2100  34.200  136.100  627.0   -2.3   30.8   -99.0  -99.0  -99.0 SIGL AF306 00  
 1     15. 2100  34.200  136.100  654.0   -1.3   20.4   -99.0  -99.0  -99.0 SIGL AF306 00  
 1     15. 2100  34.200  136.100  661.0   -1.5   84.2   -99.0  -99.0  -99.0 SIGL AF306 00  
 1     15. 2100  34.200  136.100  677.0  -99.0  -99.0   -99.0  225.0    9.8 SIGL AF306 00  
 1     15. 2100  34.200  136.100  677.0   -0.3   73.1   -99.0  -99.0  -99.0 SIGL AF306 00  
 1     15. 2100  34.200  136.100  687.0    0.2   90.2   -99.0  -99.0  -99.0 SIGL AF306 00  
 1     15. 2100  34.200  136.100  699.0    1.8   31.9   -99.0  -99.0  -99.0 SIGL AF306 00  
 1     15. 2100  34.200  136.100  700.0    1.8   31.9  3107.0  205.0   11.3 MANL AF306 00  
 1     15. 2100  34.200  136.100  720.0  -99.0  -99.0   -99.0  200.0   10.8 SIGL AF306 00  
 1     15. 2100  34.200  136.100  726.0    3.0   84.1   -99.0  -99.0  -99.0 SIGL AF306 00  
 1     15. 2100  34.200  136.100  748.0  -99.0  -99.0   -99.0  205.0    9.8 SIGL AF306 00  
 1     15. 2100  34.200  136.100  783.0    7.6   56.4   -99.0  -99.0  -99.0 SIGL AF306 00  
 1     15. 2100  34.200  136.100  805.0    9.2   61.0   -99.0  -99.0  -99.0 SIGL AF306 00  
 1     15. 2100  34.200  136.100  823.0    8.6   93.9   -99.0  -99.0  -99.0 SIGL AF306 00  
 1     15. 2100  34.200  136.100  850.0  -99.0  -99.0   -99.0  170.0   10.3 SIGL AF306 00  
 1     15. 2100  34.200  136.100  850.0   10.4   90.8   -99.0  -99.0  -99.0 SIGL AF306 00  
 1     15. 2100  34.200  136.100  850.0   10.4   90.8  1514.0  170.0   10.3 MANL AF306 00  
 1     15. 2100  34.200  136.100  925.0   14.0   93.5   803.0  170.0   17.5 MANL AF306 00  
 1     15. 2100  34.200  136.100  940.0  -99.0  -99.0   -99.0  170.0   18.0 SIGL AF306 00  
 1     15. 2100  34.200  136.100  978.0  -99.0  -99.0   -99.0  155.0   18.5 SIGL AF306 00  
 1     15. 2100  34.200  136.100 1000.0   18.2   88.3   139.0  150.0   17.0 MANL AF306 00  
 1     15. 2100  34.200  136.100 1016.0  -99.0  -99.0   -99.0  150.0   14.4 SIGL AF306 00  
 1     15. 2100  34.200  136.100 1016.0   19.4   84.4   -99.0  -99.0  -99.0 SIGL AF306 00  
 1     15. 2100  34.200  136.100 1070.0   19.4   84.4  1016.0  150.0   14.4 MANL AF306 00  
 1     15. 2100  34.200  136.100 1099.0  -99.0  -99.0   692.5  205.0    9.3 DLMW AF306 00  
