UZPN13 KNHC 152153
XXAA  65214 99342 71361 12246 99016 19426 15028 00139 18219 15033
92803 14010 17034 85514 10414 17020 70107 01865 20522 50575 12791
27518 40741 26366 22527 88999 77999
31313 09608 82117
61616 AF306 WXWXE 221115190112306    OB 04
62626 MBL WND 15534 AEV 30407 DLM WND 20518 016369 WL150 15031 08
0 REL 3421N13613W 211759 SPG 3426N13610W 212856 =
XXBB  65218 99342 71361 12246 00016 19426 11850 10414 22823 08609
33805 09257 44783 07658 55726 03024 66699 01865 77687 00214 88677
00342 99661 01523 11654 01370 22627 02365 33619 02186 44605 02376
55598 03360 66589 04167 77578 05359 88562 07158 99551 08359 11543
08368 22514 10993 33410 25183 44392 ///// 55364 /////
21212 00016 15028 11978 15536 22940 17035 33850 17020 44748 20519
55720 20021 66677 22519 77615 21522 88594 24019 99547 24020 11518
28016 22454 26513 33442 27014 44399 ///// 55369 /////
31313 09608 82117
61616 AF306 WXWXE 221115190112306    OB 04
62626 MBL WND 15534 AEV 30407 DLM WND 20518 016369 WL150 15031 08
0 REL 3421N13613W 211759 SPG 3426N13610W 212856 =
;
